600
1.1459  -1.6814 0.0250 
1.1459  -1.6127 0.0250 
1.1459  -1.5441 0.0250 
1.1459  -1.4755 0.0250 
1.1459  -1.4069 0.0250 
1.1459  -1.3382 0.0250 
1.1459  -1.2696 0.0250 
1.1459  -1.2010 0.0250 
1.1459  -1.1324 0.0250 
1.1459  -1.0637 0.0250 
1.1459  -0.9951 0.0250 
1.1459  -0.9265 0.0250 
1.1459  -0.8578 0.0250 
1.1459  -0.7892 0.0250 
1.1459  -0.7206 0.0250 
1.1459  -0.6520 0.0250 
1.1459  -0.5833 0.0250 
1.1459  -0.5147 0.0250 
1.1459  -0.4461 0.0250 
1.1459  -0.3775 0.0250 
1.1459  -0.3088 0.0250 
1.1459  -0.2402 0.0250 
1.1459  -0.1716 0.0250 
1.1459  -0.1029 0.0250 
1.1459  -0.0343 0.0250 
1.1459  0.0343  0.0250 
1.1459  0.1029  0.0250 
1.1459  0.1716  0.0250 
1.1459  0.2402  0.0250 
1.1459  0.3088  0.0250 
1.1459  0.3775  0.0250 
1.1459  0.4461  0.0250 
1.1459  0.5147  0.0250 
1.1459  0.5833  0.0250 
1.1459  0.6520  0.0250 
1.1459  0.7206  0.0250 
1.1459  0.7892  0.0250 
1.1459  0.8578  0.0250 
1.1459  0.9265  0.0250 
1.1459  0.9951  0.0250 
1.1459  1.0637  0.0250 
1.1459  1.1324  0.0250 
1.1459  1.2010  0.0250 
1.1459  1.2696  0.0250 
1.1459  1.3382  0.0250 
1.1459  1.4069  0.0250 
1.1459  1.4755  0.0250 
1.1459  1.5441  0.0250 
1.1459  1.6127  0.0250 
1.1459  1.6814  0.0250 
1.4315  -1.6814 0.0250 
1.4315  -1.6127 0.0250 
1.4315  -1.5441 0.0250 
1.4315  -1.4755 0.0250 
1.4315  -1.4069 0.0250 
1.4315  -1.3382 0.0250 
1.4315  -1.2696 0.0250 
1.4315  -1.2010 0.0250 
1.4315  -1.1324 0.0250 
1.4315  -1.0637 0.0250 
1.4315  -0.9951 0.0250 
1.4315  -0.9265 0.0250 
1.4315  -0.8578 0.0250 
1.4315  -0.7892 0.0250 
1.4315  -0.7206 0.0250 
1.4315  -0.6520 0.0250 
1.4315  -0.5833 0.0250 
1.4315  -0.5147 0.0250 
1.4315  -0.4461 0.0250 
1.4315  -0.3775 0.0250 
1.4315  -0.3088 0.0250 
1.4315  -0.2402 0.0250 
1.4315  -0.1716 0.0250 
1.4315  -0.1029 0.0250 
1.4315  -0.0343 0.0250 
1.4315  0.0343  0.0250 
1.4315  0.1029  0.0250 
1.4315  0.1716  0.0250 
1.4315  0.2402  0.0250 
1.4315  0.3088  0.0250 
1.4315  0.3775  0.0250 
1.4315  0.4461  0.0250 
1.4315  0.5147  0.0250 
1.4315  0.5833  0.0250 
1.4315  0.6520  0.0250 
1.4315  0.7206  0.0250 
1.4315  0.7892  0.0250 
1.4315  0.8578  0.0250 
1.4315  0.9265  0.0250 
1.4315  0.9951  0.0250 
1.4315  1.0637  0.0250 
1.4315  1.1324  0.0250 
1.4315  1.2010  0.0250 
1.4315  1.2696  0.0250 
1.4315  1.3382  0.0250 
1.4315  1.4069  0.0250 
1.4315  1.4755  0.0250 
1.4315  1.5441  0.0250 
1.4315  1.6127  0.0250 
1.4315  1.6814  0.0250 
1.6910  -1.6814 0.0250 
1.6867  -1.6127 0.0250 
1.6825  -1.5441 0.0250 
1.6782  -1.4755 0.0250 
1.6739  -1.4069 0.0250 
1.6696  -1.3382 0.0250 
1.6654  -1.2696 0.0250 
1.6611  -1.2010 0.0250 
1.6568  -1.1324 0.0250 
1.6525  -1.0637 0.0250 
1.6483  -0.9951 0.0250 
1.6440  -0.9265 0.0250 
1.6397  -0.8578 0.0250 
1.6354  -0.7892 0.0250 
1.6312  -0.7206 0.0250 
1.6269  -0.6520 0.0250 
1.6226  -0.5833 0.0250 
1.6183  -0.5147 0.0250 
1.6141  -0.4461 0.0250 
1.6098  -0.3775 0.0250 
1.6055  -0.3088 0.0250 
1.6012  -0.2402 0.0250 
1.5970  -0.1716 0.0250 
1.5927  -0.1029 0.0250 
1.5884  -0.0343 0.0250 
1.5841  0.0343  0.0250 
1.5799  0.1029  0.0250 
1.5756  0.1716  0.0250 
1.5713  0.2402  0.0250 
1.5670  0.3088  0.0250 
1.5628  0.3775  0.0250 
1.5585  0.4461  0.0250 
1.5542  0.5147  0.0250 
1.5499  0.5833  0.0250 
1.5457  0.6520  0.0250 
1.5414  0.7206  0.0250 
1.5371  0.7892  0.0250 
1.5328  0.8578  0.0250 
1.5286  0.9265  0.0250 
1.5243  0.9951  0.0250 
1.5200  1.0637  0.0250 
1.5158  1.1324  0.0250 
1.5115  1.2010  0.0250 
1.5072  1.2696  0.0250 
1.5029  1.3382  0.0250 
1.4987  1.4069  0.0250 
1.4944  1.4755  0.0250 
1.4901  1.5441  0.0250 
1.4858  1.6127  0.0250 
1.4816  1.6814  0.0250 
1.8958  -1.6814 0.0250 
1.8958  -1.6127 0.0250 
1.8958  -1.5441 0.0250 
1.8958  -1.4755 0.0250 
1.8958  -1.4069 0.0250 
1.8958  -1.3382 0.0250 
1.8958  -1.2696 0.0250 
1.8958  -1.2010 0.0250 
1.8958  -1.1324 0.0250 
1.8958  -1.0637 0.0250 
1.8958  -0.9951 0.0250 
1.8958  -0.9265 0.0250 
1.8958  -0.8578 0.0250 
1.8958  -0.7892 0.0250 
1.8958  -0.7206 0.0250 
1.8958  -0.6520 0.0250 
1.8958  -0.5833 0.0250 
1.8958  -0.5147 0.0250 
1.8958  -0.4461 0.0250 
1.8958  -0.3775 0.0250 
1.8958  -0.3088 0.0250 
1.8958  -0.2402 0.0250 
1.8958  -0.1716 0.0250 
1.8958  -0.1029 0.0250 
1.8958  -0.0343 0.0250 
1.8958  0.0343  0.0250 
1.8958  0.1029  0.0250 
1.8958  0.1716  0.0250 
1.8958  0.2402  0.0250 
1.8958  0.3088  0.0250 
1.8958  0.3775  0.0250 
1.8958  0.4461  0.0250 
1.8958  0.5147  0.0250 
1.8958  0.5833  0.0250 
1.8958  0.6520  0.0250 
1.8958  0.7206  0.0250 
1.8958  0.7892  0.0250 
1.8958  0.8578  0.0250 
1.8958  0.9265  0.0250 
1.8958  0.9951  0.0250 
1.8958  1.0637  0.0250 
1.8958  1.1324  0.0250 
1.8958  1.2010  0.0250 
1.8958  1.2696  0.0250 
1.8958  1.3382  0.0250 
1.8958  1.4069  0.0250 
1.8958  1.4755  0.0250 
1.8958  1.5441  0.0250 
1.8958  1.6127  0.0250 
1.8958  1.6814  0.0250 
2.3951  -1.6814 0.0250 
2.3951  -1.6127 0.0250 
2.3951  -1.5441 0.0250 
2.3951  -1.4755 0.0250 
2.3951  -1.4069 0.0250 
2.3951  -1.3382 0.0250 
2.3951  -1.2696 0.0250 
2.3951  -1.2010 0.0250 
2.3951  -1.1324 0.0250 
2.3951  -1.0637 0.0250 
2.3951  -0.9951 0.0250 
2.3951  -0.9265 0.0250 
2.3951  -0.8578 0.0250 
2.3951  -0.7892 0.0250 
2.3951  -0.7206 0.0250 
2.3951  -0.6520 0.0250 
2.3951  -0.5833 0.0250 
2.3951  -0.5147 0.0250 
2.3951  -0.4461 0.0250 
2.3951  -0.3775 0.0250 
2.3951  -0.3088 0.0250 
2.3951  -0.2402 0.0250 
2.3951  -0.1716 0.0250 
2.3951  -0.1029 0.0250 
2.3951  -0.0343 0.0250 
2.3951  0.0343  0.0250 
2.3951  0.1029  0.0250 
2.3951  0.1716  0.0250 
2.3951  0.2402  0.0250 
2.3951  0.3088  0.0250 
2.3951  0.3775  0.0250 
2.3951  0.4461  0.0250 
2.3951  0.5147  0.0250 
2.3951  0.5833  0.0250 
2.3951  0.6520  0.0250 
2.3951  0.7206  0.0250 
2.3951  0.7892  0.0250 
2.3951  0.8578  0.0250 
2.3951  0.9265  0.0250 
2.3951  0.9951  0.0250 
2.3951  1.0637  0.0250 
2.3951  1.1324  0.0250 
2.3951  1.2010  0.0250 
2.3951  1.2696  0.0250 
2.3951  1.3382  0.0250 
2.3951  1.4069  0.0250 
2.3951  1.4755  0.0250 
2.3951  1.5441  0.0250 
2.3951  1.6127  0.0250 
2.3951  1.6814  0.0250 
3.3957  -1.6814 0.0250 
3.3957  -1.6127 0.0250 
3.3957  -1.5441 0.0250 
3.3957  -1.4755 0.0250 
3.3957  -1.4069 0.0250 
3.3957  -1.3382 0.0250 
3.3957  -1.2696 0.0250 
3.3957  -1.2010 0.0250 
3.3957  -1.1324 0.0250 
3.3957  -1.0637 0.0250 
3.3957  -0.9951 0.0250 
3.3957  -0.9265 0.0250 
3.3957  -0.8578 0.0250 
3.3957  -0.7892 0.0250 
3.3957  -0.7206 0.0250 
3.3957  -0.6520 0.0250 
3.3957  -0.5833 0.0250 
3.3957  -0.5147 0.0250 
3.3957  -0.4461 0.0250 
3.3957  -0.3775 0.0250 
3.3957  -0.3088 0.0250 
3.3957  -0.2402 0.0250 
3.3957  -0.1716 0.0250 
3.3957  -0.1029 0.0250 
3.3957  -0.0343 0.0250 
3.3957  0.0343  0.0250 
3.3957  0.1029  0.0250 
3.3957  0.1716  0.0250 
3.3957  0.2402  0.0250 
3.3957  0.3088  0.0250 
3.3957  0.3775  0.0250 
3.3957  0.4461  0.0250 
3.3957  0.5147  0.0250 
3.3957  0.5833  0.0250 
3.3957  0.6520  0.0250 
3.3957  0.7206  0.0250 
3.3957  0.7892  0.0250 
3.3957  0.8578  0.0250 
3.3957  0.9265  0.0250 
3.3957  0.9951  0.0250 
3.3957  1.0637  0.0250 
3.3957  1.1324  0.0250 
3.3957  1.2010  0.0250 
3.3957  1.2696  0.0250 
3.3957  1.3382  0.0250 
3.3957  1.4069  0.0250 
3.3957  1.4755  0.0250 
3.3957  1.5441  0.0250 
3.3957  1.6127  0.0250 
3.3957  1.6814  0.0250 
1.1459  0.0000  0.0294 
1.1459  0.0000  0.0588 
1.1459  0.0000  0.0882 
1.1459  0.0000  0.1176 
1.1459  0.0000  0.1471 
1.1459  0.0000  0.1765 
1.1459  0.0000  0.2059 
1.1459  0.0000  0.2353 
1.1459  0.0000  0.2647 
1.1459  0.0000  0.2941 
1.1459  0.0000  0.3235 
1.1459  0.0000  0.3529 
1.1459  0.0000  0.3824 
1.1459  0.0000  0.4118 
1.1459  0.0000  0.4412 
1.1459  0.0000  0.4706 
1.1459  0.0000  0.5000 
1.1459  0.0000  0.5294 
1.1459  0.0000  0.5588 
1.1459  0.0000  0.5882 
1.1459  0.0000  0.6176 
1.1459  0.0000  0.6471 
1.1459  0.0000  0.6765 
1.1459  0.0000  0.7059 
1.1459  0.0000  0.7353 
1.1459  0.0000  0.7647 
1.1459  0.0000  0.7941 
1.1459  0.0000  0.8235 
1.1459  0.0000  0.8529 
1.1459  0.0000  0.8824 
1.1459  0.0000  0.9118 
1.1459  0.0000  0.9412 
1.1459  0.0000  0.9706 
1.1459  0.0000  1.0000 
1.1459  0.0000  1.0294 
1.1459  0.0000  1.0588 
1.1459  0.0000  1.0882 
1.1459  0.0000  1.1176 
1.1459  0.0000  1.1471 
1.1459  0.0000  1.1765 
1.1459  0.0000  1.2059 
1.1459  0.0000  1.2353 
1.1459  0.0000  1.2647 
1.1459  0.0000  1.2941 
1.1459  0.0000  1.3235 
1.1459  0.0000  1.3529 
1.1459  0.0000  1.3824 
1.1459  0.0000  1.4118 
1.1459  0.0000  1.4412 
1.1459  0.0000  1.4706 
1.4315  0.0000  0.0294 
1.4315  0.0000  0.0588 
1.4315  0.0000  0.0882 
1.4315  0.0000  0.1176 
1.4315  0.0000  0.1471 
1.4315  0.0000  0.1765 
1.4315  0.0000  0.2059 
1.4315  0.0000  0.2353 
1.4315  0.0000  0.2647 
1.4315  0.0000  0.2941 
1.4315  0.0000  0.3235 
1.4315  0.0000  0.3529 
1.4315  0.0000  0.3824 
1.4315  0.0000  0.4118 
1.4315  0.0000  0.4412 
1.4315  0.0000  0.4706 
1.4315  0.0000  0.5000 
1.4315  0.0000  0.5294 
1.4315  0.0000  0.5588 
1.4315  0.0000  0.5882 
1.4315  0.0000  0.6176 
1.4315  0.0000  0.6471 
1.4315  0.0000  0.6765 
1.4315  0.0000  0.7059 
1.4315  0.0000  0.7353 
1.4315  0.0000  0.7647 
1.4315  0.0000  0.7941 
1.4315  0.0000  0.8235 
1.4315  0.0000  0.8529 
1.4315  0.0000  0.8824 
1.4315  0.0000  0.9118 
1.4315  0.0000  0.9412 
1.4315  0.0000  0.9706 
1.4315  0.0000  1.0000 
1.4315  0.0000  1.0294 
1.4315  0.0000  1.0588 
1.4315  0.0000  1.0882 
1.4315  0.0000  1.1176 
1.4315  0.0000  1.1471 
1.4315  0.0000  1.1765 
1.4315  0.0000  1.2059 
1.4315  0.0000  1.2353 
1.4315  0.0000  1.2647 
1.4315  0.0000  1.2941 
1.4315  0.0000  1.3235 
1.4315  0.0000  1.3529 
1.4315  0.0000  1.3824 
1.4315  0.0000  1.4118 
1.4315  0.0000  1.4412 
1.4315  0.0000  1.4706 
1.6953  0.0000  0.0294 
1.6953  0.0000  0.0588 
1.6953  0.0000  0.0882 
1.6953  0.0000  0.1176 
1.6953  0.0000  0.1471 
1.6953  0.0000  0.1765 
1.6953  0.0000  0.2059 
1.6953  0.0000  0.2353 
1.6953  0.0000  0.2647 
1.6953  0.0000  0.2941 
1.6953  0.0000  0.3235 
1.6953  0.0000  0.3529 
1.6953  0.0000  0.3824 
1.6953  0.0000  0.4118 
1.6953  0.0000  0.4412 
1.6953  0.0000  0.4706 
1.6953  0.0000  0.5000 
1.6953  0.0000  0.5294 
1.6953  0.0000  0.5588 
1.6953  0.0000  0.5882 
1.6953  0.0000  0.6176 
1.6953  0.0000  0.6471 
1.6953  0.0000  0.6765 
1.6953  0.0000  0.7059 
1.6953  0.0000  0.7353 
1.6953  0.0000  0.7647 
1.6953  0.0000  0.7941 
1.6953  0.0000  0.8235 
1.6953  0.0000  0.8529 
1.6953  0.0000  0.8824 
1.6953  0.0000  0.9118 
1.6953  0.0000  0.9412 
1.6953  0.0000  0.9706 
1.6953  0.0000  1.0000 
1.6953  0.0000  1.0294 
1.6953  0.0000  1.0588 
1.6953  0.0000  1.0882 
1.6953  0.0000  1.1176 
1.6953  0.0000  1.1471 
1.6953  0.0000  1.1765 
1.6953  0.0000  1.2059 
1.6953  0.0000  1.2353 
1.6953  0.0000  1.2647 
1.6953  0.0000  1.2941 
1.6953  0.0000  1.3235 
1.6953  0.0000  1.3529 
1.6953  0.0000  1.3824 
1.6953  0.0000  1.4118 
1.6953  0.0000  1.4412 
1.6953  0.0000  1.4706 
1.8958  0.0000  0.0294 
1.8958  0.0000  0.0588 
1.8958  0.0000  0.0882 
1.8958  0.0000  0.1176 
1.8958  0.0000  0.1471 
1.8958  0.0000  0.1765 
1.8958  0.0000  0.2059 
1.8958  0.0000  0.2353 
1.8958  0.0000  0.2647 
1.8958  0.0000  0.2941 
1.8958  0.0000  0.3235 
1.8958  0.0000  0.3529 
1.8958  0.0000  0.3824 
1.8958  0.0000  0.4118 
1.8958  0.0000  0.4412 
1.8958  0.0000  0.4706 
1.8958  0.0000  0.5000 
1.8958  0.0000  0.5294 
1.8958  0.0000  0.5588 
1.8958  0.0000  0.5882 
1.8958  0.0000  0.6176 
1.8958  0.0000  0.6471 
1.8958  0.0000  0.6765 
1.8958  0.0000  0.7059 
1.8958  0.0000  0.7353 
1.8958  0.0000  0.7647 
1.8958  0.0000  0.7941 
1.8958  0.0000  0.8235 
1.8958  0.0000  0.8529 
1.8958  0.0000  0.8824 
1.8958  0.0000  0.9118 
1.8958  0.0000  0.9412 
1.8958  0.0000  0.9706 
1.8958  0.0000  1.0000 
1.8958  0.0000  1.0294 
1.8958  0.0000  1.0588 
1.8958  0.0000  1.0882 
1.8958  0.0000  1.1176 
1.8958  0.0000  1.1471 
1.8958  0.0000  1.1765 
1.8958  0.0000  1.2059 
1.8958  0.0000  1.2353 
1.8958  0.0000  1.2647 
1.8958  0.0000  1.2941 
1.8958  0.0000  1.3235 
1.8958  0.0000  1.3529 
1.8958  0.0000  1.3824 
1.8958  0.0000  1.4118 
1.8958  0.0000  1.4412 
1.8958  0.0000  1.4706 
2.3951  0.0000  0.0294 
2.3951  0.0000  0.0588 
2.3951  0.0000  0.0882 
2.3951  0.0000  0.1176 
2.3951  0.0000  0.1471 
2.3951  0.0000  0.1765 
2.3951  0.0000  0.2059 
2.3951  0.0000  0.2353 
2.3951  0.0000  0.2647 
2.3951  0.0000  0.2941 
2.3951  0.0000  0.3235 
2.3951  0.0000  0.3529 
2.3951  0.0000  0.3824 
2.3951  0.0000  0.4118 
2.3951  0.0000  0.4412 
2.3951  0.0000  0.4706 
2.3951  0.0000  0.5000 
2.3951  0.0000  0.5294 
2.3951  0.0000  0.5588 
2.3951  0.0000  0.5882 
2.3951  0.0000  0.6176 
2.3951  0.0000  0.6471 
2.3951  0.0000  0.6765 
2.3951  0.0000  0.7059 
2.3951  0.0000  0.7353 
2.3951  0.0000  0.7647 
2.3951  0.0000  0.7941 
2.3951  0.0000  0.8235 
2.3951  0.0000  0.8529 
2.3951  0.0000  0.8824 
2.3951  0.0000  0.9118 
2.3951  0.0000  0.9412 
2.3951  0.0000  0.9706 
2.3951  0.0000  1.0000 
2.3951  0.0000  1.0294 
2.3951  0.0000  1.0588 
2.3951  0.0000  1.0882 
2.3951  0.0000  1.1176 
2.3951  0.0000  1.1471 
2.3951  0.0000  1.1765 
2.3951  0.0000  1.2059 
2.3951  0.0000  1.2353 
2.3951  0.0000  1.2647 
2.3951  0.0000  1.2941 
2.3951  0.0000  1.3235 
2.3951  0.0000  1.3529 
2.3951  0.0000  1.3824 
2.3951  0.0000  1.4118 
2.3951  0.0000  1.4412 
2.3951  0.0000  1.4706 
3.3957  0.0000  0.0294 
3.3957  0.0000  0.0588 
3.3957  0.0000  0.0882 
3.3957  0.0000  0.1176 
3.3957  0.0000  0.1471 
3.3957  0.0000  0.1765 
3.3957  0.0000  0.2059 
3.3957  0.0000  0.2353 
3.3957  0.0000  0.2647 
3.3957  0.0000  0.2941 
3.3957  0.0000  0.3235 
3.3957  0.0000  0.3529 
3.3957  0.0000  0.3824 
3.3957  0.0000  0.4118 
3.3957  0.0000  0.4412 
3.3957  0.0000  0.4706 
3.3957  0.0000  0.5000 
3.3957  0.0000  0.5294 
3.3957  0.0000  0.5588 
3.3957  0.0000  0.5882 
3.3957  0.0000  0.6176 
3.3957  0.0000  0.6471 
3.3957  0.0000  0.6765 
3.3957  0.0000  0.7059 
3.3957  0.0000  0.7353 
3.3957  0.0000  0.7647 
3.3957  0.0000  0.7941 
3.3957  0.0000  0.8235 
3.3957  0.0000  0.8529 
3.3957  0.0000  0.8824 
3.3957  0.0000  0.9118 
3.3957  0.0000  0.9412 
3.3957  0.0000  0.9706 
3.3957  0.0000  1.0000 
3.3957  0.0000  1.0294 
3.3957  0.0000  1.0588 
3.3957  0.0000  1.0882 
3.3957  0.0000  1.1176 
3.3957  0.0000  1.1471 
3.3957  0.0000  1.1765 
3.3957  0.0000  1.2059 
3.3957  0.0000  1.2353 
3.3957  0.0000  1.2647 
3.3957  0.0000  1.2941 
3.3957  0.0000  1.3235 
3.3957  0.0000  1.3529 
3.3957  0.0000  1.3824 
3.3957  0.0000  1.4118 
3.3957  0.0000  1.4412 
3.3957  0.0000  1.4706 
